0 24945315
1 2835677
2 885561
3 510878
4 351056
5 265619
6 214157
7 174741
8 143274
9 118261
10 98716
11 85571
12 74925
13 67686
14 62324
15 58122
16 53887
17 51146
18 49046
19 47358
20 44872
21 42626
22 41902
23 40867
24 39679
25 38877
26 37907
27 37404
28 36696
29 36582
30 36127
31 35309
32 34825
33 33455
34 32945
35 30811
36 29359
37 27945
38 26510
39 25804
40 24997
41 24965
42 25284
43 26047
44 26490
45 27917
46 29805
47 33111
48 37387
49 42478
50 49382
51 59149
52 70075
53 82475
54 96471
55 109109
56 121241
57 132449
58 141249
59 143654
60 140636
61 129868
62 113301
63 92452
64 69878
65 50759
66 35315
67 23133
68 14690
69 8902
70 5473
71 4154
72 2534
73 2392
74 1470
75 950
76 697
77 398
78 339
79 353
80 356
81 329
82 287
83 232
84 175
85 106
86 87
87 52
88 66
89 51
90 42
91 25
92 17
93 15
94 14
95 3
96 2
97 1
100 1435
