0 0.74864 18716
1 0.09124 2281
2 0.0304 760
3 0.01488 372
4 0.0104 260
5 0.00688 172
6 0.0056 140
7 0.00356 89
8 0.00336 84
9 0.00308 77
10 0.0022 55
11 0.00228 57
12 0.002 50
13 0.00212 53
14 0.00184 46
15 0.00224 56
16 0.00208 52
17 0.00156 39
18 0.00148 37
19 0.00168 42
20 0.0018 45
21 0.00132 33
22 0.00164 41
23 0.00152 38
24 0.0016 40
25 0.00112 28
26 0.00128 32
27 0.00124 31
28 0.001 25
29 0.00088 22
30 0.00076 19
31 0.00072 18
32 0.00044 11
33 0.00072 18
34 0.00048 12
35 0.00052 13
36 0.00048 12
37 0.00032 8
38 0.0004 10
39 0.00064 16
40 0.00048 12
41 0.00056 14
42 0.00092 23
43 0.00112 28
44 0.0016 40
45 0.00176 44
46 0.003 75
47 0.00356 89
48 0.00396 99
49 0.00432 108
50 0.0042 105
51 0.00356 89
52 0.00344 86
53 0.00256 64
54 0.0022 55
55 0.00164 41
56 0.00112 28
57 0.00116 29
58 0.00068 17
59 0.00032 8
60 0.00012 3
61 0.00016 4
62 8e-05 2
63 4e-05 1
64 4e-05 1
65 0.00032 8
66 0.00016 4
67 8e-05 2
70 4e-05 1
71 0.00012 3
75 8e-05 2
88 4e-05 1
100 0.00016 4
